005930
000660
042700
058470
403870
039030
036930
240810
089030
067310
009150
011070
373220
006400
247540
086520
003670
066970
096770
005070
121600
005380
000270
012330
204320
011210
015750
005850
018880
012450
064350
079550
047810
272210
103140
064960
099320
068270
207940
196170
000100
128940
028300
141080
185750
006280
035420
035720
259960
036570
251270
263750
293490
012510
304100
329180
042660
010140
009540
010620
097230
077970
034020
010120
267260
298040
103590
033100
006910
052690
051600
277810
454910
108490
056080
058610
117730
348340
090430
051900
192820
161890
257720
018290
237880
105560
055550
086790
316140
032830
000810
138040
352820
041510
035900
122870
035760
253450
005490
004020
001430
010130
028260
000720
047040
375500
006360
000990
357780
131970
003850
069620
009420
041830
214150
030200
017670
032640
047560
067160
078340
069080
192080
194480
225570
011200
028670
012630
011790
078600
009830
298050
139480
023530
007070
097950
004370
271560
175330
024110
005830
323410
377300
001440
010950
014820
000880
014440
079160
352480
