086520
247540
005490
022100
009520
006400
003670
373220
093370
066970
121600
005070
051910
020150
006800
016360
005940
071050
003530
000250
196170
096530
141080
298380
087010
347850
005250
234690
006280
207940
005930
000660
402340
403870
036930
348210
036200
086390
033640
042700
101490
094360
080220
034020
052690
051600
032820
046120
006910
105840
130660
000720
298040
017040
054540
047040
217590
083650
277810
388720
454910
056080
090360
117730
108490
319400
060280
098460
058610
466100
432470
059120
090710
348340
140670
160190
064400
066570
015750
011930
475150
322000
009830
000390
043260
078600
171090
010060
489500
036540
058470
240810
039030
357780
067310
095610
319660
003160
084370
064760
161580
166090
131970
095340
005290
222800
089030
267250
034730
006260
000150
086790
011070
009150
010170
005380
000270
012330
086280
307950
011210
105560
055550
316140
024110
001440
010120
009470
103590
267260
006340
389500
062040
100790
225190
272210
417010
001430
474170
027360
099320
272290
451760
488900
295310
079550
012450
065450
010820
484590
103140
064350
047810
085620
000400
000540
088350
000370
001450
032830
035420
035720
068270
028260
003550
096770
015760
017670
009540
010140
042660
329180
003490
000080
018260
011200
010950
251270
090430
051900
352820
259960
036570
033780
302440
091990
145020
011780
010130
010620
011170
138040
180640
004020
000810
326030
383220
377300
361610
039490
